# Created by Octave 4.0.0, Tue Nov 24 22:59:03 2015 India Standard Time <unknown@DESKTOP-NSGKPG3>
# name: sortedlist
# type: matrix
# rows: 1
# columns: 10
 -200 -32 0 32 32 54 87 90 145 150


