# Created by Octave 4.0.0, Wed Nov 25 01:03:32 2015 India Standard Time <unknown@DESKTOP-NSGKPG3>
# name: sortedlist
# type: matrix
# rows: 1
# columns: 10
 -200 -32 0 32 32 54 87 90 145 150


