# Created by Octave 4.0.0, Tue Nov 24 23:02:18 2015 India Standard Time <unknown@DESKTOP-NSGKPG3>
# name: sortedlist
# type: matrix
# rows: 1
# columns: 10
 0 5 5 12 24 32 34 46 87 98


