# Created by Octave 4.0.0, Thu Nov 26 09:43:09 2015 India Standard Time <unknown@DESKTOP-NSGKPG3>
# name: sortedlist
# type: matrix
# rows: 1
# columns: 10
 0 1 2 3 4 5 6 7 8 9


