# Created by Octave 4.0.0, Wed Nov 25 01:41:55 2015 India Standard Time <unknown@DESKTOP-NSGKPG3>
# name: data
# type: matrix
# rows: 4
# columns: 10
 0 0 3 4 7 9 10 35 56 62
 0 5 5 12 24 32 34 46 87 98
 -200 -32 0 32 32 54 87 90 145 150
 0 1 2 3 4 5 6 7 8 9


